0
18
1
15
70
368
71
69
234
116
235
72
336
339
337
338
2
99
132
437
128
74
127
125
244
245
247
248
246
252
253
251
249
250
126
278
257
254
258
259
275
260
272
261
255
262
271
273
263
264
277
265
266
276
267
270
268
269
274
256
220
75
241
76
242
243
78
77
79
81
80
82
83
170
173
171
172
174
394
175
10
453
29
166
346
160
205
236
363
425
142
143
206
144
163
322
400
362
169
28
165
347
357
145
238
358
320
146
147
167
148
161
319
150
149
360
414
27
164
348
355
151
152
237
356
433
153
361
154
155
103
168
156
162
321
157
159
158
359
408
4
367
434
386
36
419
378
231
140
37
325
39
448
344
393
105
41
422
407
382
42
106
327
345
122
421
420
35
43
326
343
390
409
410
411
412
413
44
230
232
7
366
30
179
372
177
371
176
370
452
451
350
178
117
365
380
32
33
305
306
307
308
309
311
310
296
297
302
301
303
304
323
324
298
299
300
354
443
450
312
313
314
315
316
293
294
295
317
318
444
182
403
404
454
401
405
402
381
180
181
183
185
373
389
375
374
426
351
233
387
118
377
186
406
417
431
8
418
446
415
195
196
197
198
199
200
201
202
441
203
204
240
14
331
332
328
333
329
334
330
335
6
84
100
91
90
85
92
102
436
101
438
86
87
353
88
89
342
340
341
113
447
119
379
13
192
190
191
193
188
187
189
215
424
34
115
364
12
112
281
285
289
292
291
392
369
423
376
280
282
287
391
284
279
290
283
286
288
349
20
47
56
48
49
68
51
52
53
54
55
57
58
59
60
61
62
63
384
383
64
65
66
67
114
9
109
398
449
397
396
226
439
440
110
121
108
239
432
388
23
427
429
430
428
all
53
13
148
57
78
162
12
119
2
120
73
161
76
42
16
81
47
109
176
98
102
10
137
171
159
90
132
149
123
105
5
50
4
20
68
114
9
77
86
85
89
106
58
140
129
178
61
99
128
46
154
118
136
147
33
127
17
27
97
130
54
172
32
21
103
28
180
59
8
15
30
146
173
64
169
18
60
179
22
177
163
124
117
43
133
100
63
104
74
164
144
155
48
19
122
134
108
56
150
itemEndTime
itemNumBids
itemCurrentPrice
itemTitle
